((("number?" .
   [0 0 0 0 0 0 1])
  ("defn" .
   [1 0 0 0])
  ("count" .
   [0 0 0 0 1])
  ("num" .
   [0 0 3])
  ("apply" .
   [0 0 0 0 3])
  ("println" .
   [5 0 0 0 0 0 0])
  ("Hello" .
   [1 0 1 0 0])
  ("dec" .
   [1 0 0])
  ("defpage" .
   [6 0 0 0 0 1 1])
  ("/" .
   [1])
  ("/welcome" .
   [0 0 0 0 0 0 0 1])
  ("def" .
   [20 0 0])
  ("default-data-readers" .
   [0 0 0 0 0 0 0 0 0 0 0 0 0 0 0 0 0 0 0 3])
  ("cas" .
   [0 0 1])
  ("chunk-append" .
   [0 0 0 0 0 0 0 0 0 0 0 1])
  ("average" .
   [0 0 0 0 0 0 2])
  ("map?" .
   [0 0 0 1])
  ("pr" .
   [1 0])
  ("print" .
   [1 0 0 0 0])))
